nnn =

     1


time =

    0.0750


nnn =

     2


time =

    3.0000


nnn =

     3


time =

    6.0000


nnn =

     4


time =

    9.0000


nnn =

     5


time =

   12.0000


nnn =

     6


time =

   15.0000


nnn =

     7


time =

   18.0750


nnn =

     8


time =

   21.0750


nnn =

     9


time =

   24.0750


nnn =

    10


time =

   27.0750


nnn =

    11


time =

   30.0750


nnn =

    12


time =

   33.0750


nnn =

    13


time =

   36.0750


nnn =

    14


time =

   39.0750


nnn =

    15


time =

   42.0750


nnn =

    16


time =

   45.0750


nnn =

    17


time =

   48.0750


nnn =

    18


time =

   51.0750


nnn =

    19


time =

   54.0750


nnn =

    20


time =

   57.0750


nnn =

    21


time =

   60.0750


nnn =

    22


time =

   63.0750


nnn =

    23


time =

   66.0750


nnn =

    24


time =

   69.0750


nnn =

    25


time =

   72.0750


nnn =

    26


time =

   75.0750


nnn =

    27


time =

   78.0750


nnn =

    28


time =

   81.0750


nnn =

    29


time =

   84.0750


nnn =

    30


time =

   87.0750


nnn =

    31


time =

   90.0750


nnn =

    32


time =

   93.0750


nnn =

    33


time =

   96.0750


nnn =

    34


time =

   99.0750


nnn =

    35


time =

  102.0750


nnn =

    36


time =

  105.0750


nnn =

    37


time =

  108.0750


nnn =

    38


time =

  111.0750


nnn =

    39


time =

  114.0750


nnn =

    40


time =

  117.0750


nnn =

    41


time =

  120.0750


nnn =

    42


time =

  123.0750


nnn =

    43


time =

  126.0750


nnn =

    44


time =

  129.0750


nnn =

    45


time =

  132.0750


nnn =

    46


time =

  135.0000


nnn =

    47


time =

  138.0000


nnn =

    48


time =

  141.0000


nnn =

    49


time =

  144.0000


nnn =

    50


time =

  147.0000


nnn =

    51


time =

  150.0000


nnn =

    52


time =

  153.0000


nnn =

    53


time =

  156.0000


nnn =

    54


time =

  159.0000


nnn =

    55


time =

  162.0000


nnn =

    56


time =

  165.0000


nnn =

    57


time =

  168.0000


nnn =

    58


time =

  171.0000


nnn =

    59


time =

  174.0000


nnn =

    60


time =

  177.0000


nnn =

    61


time =

  180.0000


nnn =

    62


time =

  183.0000


nnn =

    63


time =

  186.0000


nnn =

    64


time =

  189.0000


nnn =

    65


time =

  192.0000


nnn =

    66


time =

  195.0000


nnn =

    67


time =

  198.0000


nnn =

    68


time =

  201.0000


nnn =

    69


time =

  204.0000


nnn =

    70


time =

  207.0000


nnn =

    71


time =

  210.0000


nnn =

    72


time =

  213.0000


nnn =

    73


time =

  216.0000


nnn =

    74


time =

  219.0000


nnn =

    75


time =

  222.0000


nnn =

    76


time =

  225.0000


nnn =

    77


time =

  228.0000


nnn =

    78


time =

  231.0000


nnn =

    79


time =

  234.0000


nnn =

    80


time =

  237.0000


nnn =

    81


time =

  240.0000


nnn =

    82


time =

  243.0000


nnn =

    83


time =

  246.0000


nnn =

    84


time =

  249.0000


nnn =

    85


time =

  252.0000


nnn =

    86


time =

  255.0000


nnn =

    87


time =

  258.0000


nnn =

    88


time =

  261.0000


nnn =

    89


time =

  264.0000


nnn =

    90


time =

  267.0000


nnn =

    91


time =

  270.0000


nnn =

    92


time =

  273.0000


nnn =

    93


time =

  276.0000


nnn =

    94


time =

  279.0000


nnn =

    95


time =

  282.0000


nnn =

    96


time =

  285.0000


nnn =

    97


time =

  288.0000


nnn =

    98


time =

  291.0000


nnn =

    99


time =

  294.0000


nnn =

   100


time =

  297.0000


nnn =

   101


time =

  300.0000

